DP   1    1   3       48289,0      40,0   45399,0      46,0   37044,0      82,0
DP   1    2   3       16591,0      40,0   14713,0      46,0   11497,0      82,0
DP   1    3   3       12789,0      40,0   12380,0      46,0   10754,0      82,0
DP   1    4   3        5884,0      40,0    5842,0      46,0    5331,0      82,0
DP   1   11   3                    40,0                46,0                82,0
DP   2    1   3       48310,0      40,0   45419,0      46,0   37059,0      82,0
DP   2    2   3       16394,0      40,0   14538,0      46,0   11361,0      82,0
DP   2    3   3       12651,0      40,0   12245,0      46,0   10637,0      82,0
DP   2    4   3        5863,0      40,0    5822,0      46,0    5312,0      82,0
DP   2   11   3                    40,0                46,0                82,0
DP   3    1   3       47960,0      46,0   44768,0      40,0   36649,0      82,0
DP   3    2   3       16194,0      46,0   14384,0      40,0   11264,0      82,0
DP   3    3   3       12638,0      46,0   12228,0      40,0   10603,0      82,0
DP   3    4   3        5869,0      46,0    5811,0      40,0    5278,0      82,0
DP   3   11   3                    46,0                40,0                82,0
DP   4    1   3       48189,0     170,0   44910,0     142,0   36190,0     336,0
DP   4    2   3       14561,0     170,0   12937,0     142,0    9943,0     336,0
DP   4    3   3       12607,0     170,0   12228,0     142,0   10488,0     336,0
DP   4    4   3        5983,0     170,0    5898,0     142,0    5326,0     336,0
DP   4   11   3                   170,0               142,0               336,0
