LU    1   1          137                 137                 137
LU    5   1          120                 120                 120
LU   21   1           50       212        50       212        50       212
LU   41   1           50                  50                  50
LU   43   1           21                  21                  21
LU   45   1           14                  14                  14
LU   47   1           14                  14                  14
LU   49   1           16                  16                  16
LU   51   1          166                 166                 166
LU   53   1          120                 120                 120
LU   55   1           80                  80                  80
LU   61   1           80                  80                  80
LU   63   1            8                   8                   8
LU  101   1           35                  35                  35
LU  121   1          100                 100                 100
LU  161   1         10,1                10,1                10,1
LU  181   1           45                  45                  45
LU  201   1           54                  54                  54
LU  221   1           40                  40                  40
LU  223   1           18                  18                  18
LU  225   1           75                  75                  75
LU  227   1           32                  32                  32
LU  241   1         1315                1315                1315
LU  243   1           40                  40                  40
LU  261   1           10                  10                  10
LU  261   2            5                   5                   5
LU  261   3           25                  25                  25
LU  261   4            0                   0                   0
LU  271   1           80                  80                  80
LU  280   1           21                  21                  21
LU  401   1                   7418                7418                7418
LU  401   4                   7400                7400                7400
LU  403   1                   5780                5796                5862
LU  403   4                   5736                5751                5820
LU  405   1                   2400                2400                1800
LU  405   4                   2600                2000                1500
LU  409   1                   2000                2000                2000
LU  413   1                   5500                5500                5500
LU  415   1                   4500                4500                4500
LU  417   1                   6000                6000                6000
LU  419   1                   4000                4000                4000
LU  421   1                  99999               99999               99999
LU  425   1                   4000                4000                4000
LU  427   1                   6000                6000                5700
LU  431   1                   1400                1200                1200
LU  433   1                   6000                6000                6000
LU  433   4                   7000                7000                6700
LU  435   1                   3700                3700                3700
LU  435   4                   3800                3800                3800
LU  437   1                   6200                6200                6100
LU  439   1                   8400                8400                8400
LU  439   4                   8800                8800                8800
LU  441   1                   4400                6300                6300
LU  441   4                   6400                6400                6000
LU  443   1                   6720                6720                6720
LU  443   4                   7120                7120                7120
LU  445   1                   2500                2500                2500
LU  447   1                   8000                8000                8000
LU  455   1                   6925                6918                7063
LU  455   2                   6971                6970                7139
LU  455   3                   6974                6955                7138
LU  455   4                   6835                7082                6823
LU  457   1                   5419                5384                5278
LU  457   2                   5352                5312                5183
LU  457   3                   5355                5316                5150
LU  457   4                   5395                5363                5200
LU  461   1         4126      5226      4075      5175      3623      4723
LU  461   4         3900      5000      3854      4954      3449      4549
LU  462   1         1680      7000      1680      7000      1680      7000
LU  462   2         1680      6500      1680      6500      1680      6500
LU  462   3         1680      6400      1680      6400      1680      6400
LU  462   4         1680      7000      1680      7000      1680      7000
LU  650   1            0         0         0         0         0         0
LU  655   1                11000,0             11000,0             11000,0
