LV    3   1         623,
LV    4   1        783,4
LV    9   1         554,
LV   13   1        516,9
LV   15   1      1239,04
LV   17   1       616,06
LV   20   1      1571,91
LV   25   1         475,
LV   26   1         457,
LV   27   1       343,44
LV   41   1       1549,5
LV   42   1       330,75
LV   50   1          526
LV   54   1            0    4999,3
LV   55   1         996,
LV   65   1        131,8
LV   66   1        158,6
LV   67   1         30,8
LV   71   1       181,50
LV   73   1        81,49
LV   75   1                 162,42
LV   75   3                 175,48
LV   83   1       1064,4
LV   92   1           25
LV  101   1       3898,2   38982,0
LV  105   1                 2058,5
LV  108   1        756,2
LV  115   1            0    3449,0
LV  116   1            0    5482,0
LV  117   1        17,65     17,65
