MT    2   1   1,0001,0001,0001,000
MT    4   1   1,0001,0001,0001,000
MT    9   1   1,0001,0001,0001,000
MT   28   2   1,0001,0001,0001,000
MT   48   2   1,0001,0001,0001,000
MT   35   2   1,0001,0001,0001,000
MT  156   2   1,0001,0001,0001,000
MT    1   1   1,0001,0001,0001,000
MT   13   1   1,0001,0001,0001,000
MT   43   3   1,0001,0001,0001,000
MT   47   1   1,0001,0001,0001,000
MT   50   1   1,0001,0001,0001,000
MT   54   1   1,0001,0001,0001,000
MT   58   3   1,0001,0001,0001,000
MT   62   1   1,0001,0001,0001,000
MT   63   1   1,0001,0001,0001,000
MT   64   2   1,0001,0001,0001,000
MT   68   1   1,0001,0001,0001,000
MT   74   3   1,0001,0001,0001,000
MT   83   3   1,0001,0001,0001,000
MT   90   1   1,0001,0001,0001,000
MT   97   1   1,0001,0001,0001,000
MT  110   1   1,0001,0001,0001,000
MT  112   3   1,0001,0001,0001,000
MT  164   3   1,0001,0001,0001,000
MT  166   3   1,0001,0001,0001,000
MT  204   4   1,0001,0001,0001,000
MT  209   4   1,0001,0001,0001,000
MT  211   1   1,0001,0001,0001,000
MT  171   1   1,0001,0001,0001,000
MT  172   1   1,0001,0001,0001,000
MT  173   1   1,0001,0001,0001,000
MT  174   1   1,0001,0001,0001,000
MT   42   3   1,0001,0001,0001,000
MT  152   3   1,0001,0001,0001,000
MT   96   3   1,0001,0001,0001,000
MT  144   3   1,0001,0001,0001,000
MT  153   1   1,0001,0001,0001,000
MT   21   4   1,0001,0001,0001,000
MT   36   4   1,0001,0001,0001,000
MT   46   4   1,0001,0001,0001,000
MT  116   4   1,0001,0001,0001,000
MT  163   3   1,0001,0001,0001,000
MT  176   4   1,0001,0001,0001,000
MT  212   4   1,0001,0001,0001,000
MT  169   2   1,0001,0001,0001,000
MT   52   3   1,0001,0001,0001,000
MT  155   1   1,0001,0001,0001,000
MT   49   1   1,0001,0001,0001,000
MT  108   1   1,0001,0001,0001,000
MT   53   3   1,0001,0001,0001,000
MT   55   3   1,0001,0001,0001,000
MT  203   4   1,0001,0001,0001,000
MT  151   3   1,0001,0001,0001,000
MT  161   3   1,0001,0001,0001,000
MT  170   3   1,0001,0001,0001,000
MT   70   4   1,0001,0001,0001,000
MT   73   4   1,0001,0001,0001,000
MT  111   3   1,0001,0001,0001,000
MT  113   3   1,0001,0001,0001,000
MT  119   3   1,0001,0001,0001,000
MT  121   3   1,0001,0001,0001,000
MT  125   3   1,0001,0001,0001,000
MT  127   3   1,0001,0001,0001,000
MT  133   3   1,0001,0001,0001,000
MT  140   4   1,0001,0001,0001,000
MT  141   4   1,0001,0001,0001,000
MT  201   4   1,0001,0001,0001,000
MT  206   4   1,0001,0001,0001,000
MT  300   4   1,0001,0001,0001,000
MT  302   4   1,0001,0001,0001,000
MT  303   4   1,0001,0001,0001,000
MT  310   4   1,0001,0001,0001,000
MT  317   4   1,0001,0001,0001,000
MT  318   4   1,0001,0001,0001,000
MT  319   4   1,0001,0001,0001,000
MT   67   3   1,0001,0001,0001,000
MT   69   3   1,0001,0001,0001,000
MT  194   1   1,0001,0001,0001,000
MT  182   1   1,0001,0001,0001,000
MT  159   3   1,0001,0001,0001,000
MT  160   3   1,0001,0001,0001,000
MT  205   4   1,0001,0001,0001,000
MT  109   3   1,0001,0001,0001,000
MT  117   3   1,0001,0001,0001,000
MT  135   3   1,0001,0001,0001,000
MT  138   3   1,0001,0001,0001,000
MT   98   3   1,0001,0001,0001,000
MT  207   4   1,0001,0001,0001,000
MT  146   1   1,0001,0001,0001,000
MT  221   3   1,0001,0001,0001,000
MT   24   2   1,0001,0001,0001,000
MT   25   2   1,0001,0001,0001,000
MT   26   2   1,0001,0001,0001,000
MT   27   2   1,0001,0001,0001,000
MT  167   3   1,0001,0001,0001,000
MT   12   1   1,0001,0001,0001,000
MT   57   3   1,0001,0001,0001,000
MT   65   1   1,0001,0001,0001,000
MT  183   1   1,0001,0001,0001,000
MT  147   3   1,0001,0001,0001,000
MT  149   2   1,0001,0001,0001,000
MT  107   2   1,0001,0001,0001,000
