TI    1    0,4  0,4  0,4  0,5
TI    2      0    0    0    0
TI    4    1,7  1,7  1,7  3,3
TI   24      4    4    4   11
TI   27    0,4  0,4  0,4  0,5
TI   28      1    1    1  1,2
TI   25    2,3  2,3  2,3  1,9
TI  156    4,3  4,3  4,3  7,8
TI  134    0,2  0,2  0,2  0,3
TI   10    0,3  0,3  0,3  0,2
TI  162    0,6  0,6  0,6  1,3
TI  148    0,2  0,2  0,2  0,4
TI  217    0,1  0,1  0,1  0,2
TI  193      0    0    0    0
TI  141    2,7  2,7  2,7  3,8
TI   14    0,6  0,6  0,6  1,1
TI   18    2,9  2,9  2,9  8,6
TI   37   48,2 48,2 48,2 54,3
TI   40    1,3  1,3  1,3  3,3
TI   42    1,6  1,6  1,6  3,9
TI   15    1,1  1,1  1,1  1,8
TI   16    0,1  0,1  0,1  0,1
TI   38      2    2    2  6,9
TI   39    2,3  2,3  2,3  4,9
TI   62    0,3  0,3  0,3  0,3
TI   63    1,9  1,9  1,9  1,9
TI   52    0,2  0,2  0,2  0,3
TI   51    0,1  0,1  0,1  0,2
TI   47      1    1    1  6,1
TI   49    0,6  0,6  0,6  0,8
TI   61    2,9  2,9  2,9  3,3
TI   50    0,9  0,9  0,9  2,5
TI   46   10,8 10,8 10,8 15,9
TI    6    6,3  6,3  6,3  9,7
TI    7    1,1  1,1  1,1    1
TI    8    0,2  0,2  0,2  0,1
TI   12    5,4  5,4  5,4  8,2
TI   17   22,8 22,8 22,8 48,2
TI   31    7,3  7,3  7,3 11,4
TI   30    2,2  2,2  2,2  4,9
TI  251      3    3    3   18
TI  278    0,2  0,2  0,2  0,2
TI  123    5,2  5,2  5,2  8,4
TI   20    1,8  1,8  1,8  3,4
TI  287      0    0    0    0
TI  257    1,3  1,3  1,3  4,8
TI  124      0    0    0    0
TI  131      0    0    0    0
TI  125    0,6  0,6  0,6  0,8
TI  180      0    0    0    0
TI  181      0    0    0  0,1
TI  182      0    0    0    0
TI  183      0    0    0    0
TI  107  -24,5-24,5-24,5-24,2
TI  117   10,3 10,3 10,3 10,3
TI  118    7,8  7,8  7,8  7,9
TI   32    0,4  0,4  0,4  1,4
TI   11    1,4  1,4  1,4  2,1
TI  135      0    0    0    0
TI  139    0,8  0,8  0,8  1,3
TI  262    0,2  0,2  0,2  0,4
TI   89      1    1    1  0,8
TI   66    9,3  9,3  9,3 15,4
TI  110      0    0    0    0
TI  111    0,4  0,4  0,4  0,3
TI  112      0    0    0    0
TI  113    0,2  0,2  0,2    0
TI  114    0,2  0,2  0,2    0
TI   74    5,8  5,8  5,8  6,3
TI   76    0,1  0,1  0,1  0,1
TI   82      1    1    1    1
TI  115    0,1  0,1  0,1  0,1
TI   57    1,5  1,5  1,5  1,5
TI   77    0,3  0,3  0,3  0,3
TI   78    0,1  0,1  0,1  0,1
TI   93    0,4  0,4  0,4  0,3
TI   91    0,4  0,4  0,4  0,2
TI   92    1,8  1,8  1,8  1,5
TI  252    0,1  0,1  0,1  0,1
TI  253    0,1  0,1  0,1  0,1
TI  267    1,3  1,3  1,3  1,9
TI  281    0,3  0,3  0,3  0,7
TI    9    0,2  0,2  0,2  0,2
TI   26    0,2  0,2  0,2  1,2
TI   86    0,5  0,5  0,5  0,3
TI   90    0,1  0,1  0,1  0,1
TI   97    0,6  0,6  0,6  0,4
TI   98    1,1  1,1  1,1  0,8
TI   99    0,4  0,4  0,4  0,4
TI  169   34,3 34,3 34,3 81,3
TI  173      1    1    1  2,5
TI  174    0,1  0,1  0,1  0,1
TI  178    0,2  0,2  0,2  0,3
TI  190    0,6  0,6  0,6  1,6
TI  189    5,3  5,3  5,3  6,9
TI  275   15,8 15,8 15,8 42,7
TI  272    0,1  0,1  0,1  0,1
TI  279    0,3  0,3  0,3  0,3
TI  127    0,7  0,7  0,7  0,7
TI  126    0,1  0,1  0,1  0,1
TI  283    0,8  0,8  0,8  1,1
TI  261    1,9  1,9  1,9  2,2
TI   48    0,1  0,1  0,1  0,1
TI  249      0    0    0    0
TI  241      0    0    0    0
TI  304    0,2  0,2  0,2  0,2
TI  196      0    0    0    0
TI  195    0,1  0,1  0,1  0,1
TI   95    0,1  0,1  0,1  0,1
TI  203    0,2  0,2  0,2  0,5
TI  154    2,3  2,3  2,3  3,3
TI  310    0,2  0,2  0,2  0,2
TI   83    0,8  0,8  0,8  0,8
TI   29    0,9  0,9  0,9  2,6
TI   94    0,1  0,1  0,1  0,1
TI  215    0,2  0,2  0,2  0,2
TI  155    1,7  1,7  1,7    3
TI  311    0,4  0,4  0,4  0,4
TI  312      0    0    0    0
TI  315      0    0    0  0,1
TI   21    0,7  0,7  0,7  1,2
TI  290    0,1  0,1  0,1  0,1
TI  101    0,9  0,9  0,9  0,5
TI  276    0,2  0,2  0,2  0,2
TI  102    0,1  0,1  0,1    0
TI  153    0,3  0,3  0,3  0,4
TI  277      0    0    0    0
TI  285   58,6 58,6 58,6 58,6
TI  286    0,8  0,8  0,8  0,8
TI  284      0    0    0    0
TI  192    0,6  0,6  0,6  0,7
TI   33     13   13   13 22,2
TI   34    2,4  2,4  2,4  3,8
TI   45    1,5  1,5  1,5  1,7
TI   43    1,5  1,5  1,5  3,9
TI  227   10,8 10,8 10,8 15,3
TI  288    5,8  5,8  5,8  6,3
TI  103   75,9 75,9 75,9 75,8
TI  129   90,9 90,9 90,9 91,4
TI  130  -89,9-89,9-89,9-89,2
TI  133    5,5  5,5  5,5  5,5
TI  172  39,4539,4539,4574,25
TI  120   5,23 5,23 5,23 5,23
TI  143   17,9 17,9 17,9 18,8
TI  144  -14,4-14,4-14,4-13,4
TI   71   6,87 6,87 6,87 6,87
TI   72   0,45 0,45 0,45 0,45
TI   73  -6,92-6,92-6,92-6,92
TI  228    9,5  9,5  9,5  9,5
TI  229    1,8  1,8  1,8  2,7
TI  230   -0,9 -0,9 -0,9 -0,9
TI  121    5,8 10,1 10,1  4,6
TI  122   -5,7  -10  -10 -4,4
