CT    1   1   ANGRA 1    1   520,0626,0     31,17498,0592,0     31,17389,0435,0     31,17
CT    1   1   ANGRA 1    2   520,0640,0     31,17520,0640,0     31,17520,0640,0     31,17
CT    2   1   IGARAPE    1     0,0  0,0    939,55  0,0  0,0    939,55  0,0  0,0    939,55
CT    4   1   ST,CRUZ 34 1     0,0  0,0    310,41  0,0  0,0    310,41  0,0  0,0    310,41
CT    9   1   CAMPOS     1     0,0  0,0    978,10  0,0  0,0    978,10  0,0  0,0    978,10
CT   12   1   CUIABA CC  1     0,0  0,0    511,77  0,0  0,0    511,77  0,0  0,0    511,77
CT   13   1   ANGRA 2    1   1350,1350,     20,121350,1350,     20,121350,1350,     20,12
CT   47   1   TERMORIO   1   100,0882,4    266,51100,0882,4    266,51100,0882,4    266,51
CT   47   1   TERMORIO   2     0,0936,4    266,51  0,0936,4    266,51  0,0936,4    266,51
CT   49   1   VIANA      1     0,0175,0    703,58  0,0175,0    703,58  0,0175,0    703,58
CT   50   1   PIRAT,12 O 1     0,0  0,0    470,34  0,0  0,0    470,34  0,0  0,0    470,34
CT   54   1   JUIZ DE FO 1     0,0 72,9    283,74  0,0 72,9    283,74  0,0 72,9    283,74
CT   54   1   JUIZ DE FO 2     0,0 84,8    283,74  0,0 84,8    283,74  0,0 84,8    283,74
CT   62   1   SEROPEDICA 1     0,0264,1    342,42  0,0264,1    342,42  0,0264,1    342,42
CT   62   1   SEROPEDICA 2     0,0320,0    342,42  0,0320,0    342,42  0,0320,0    342,42
CT   63   1   IBIRITE    1     0,0222,0    346,37  0,0222,0    346,37  0,0222,0    346,37
CT   65   1   ATLAN_CSA  1   130,6130,6      0,00130,6130,6      0,00130,6130,6      0,00
CT   65   1   ATLAN_CSA  2   138,9138,9      0,00138,9138,9      0,00138,9138,9      0,00
CT   65   1   ATLAN_CSA  3   141,3141,3      0,00141,3141,3      0,00141,3141,3      0,00
CT   68   1   T,LAGOAS   1     0,0183,9    223,64  0,0183,9    223,64  0,0183,9    223,64
CT   68   1   T,LAGOAS   2     0,0  0,0    223,64  0,0  0,0    223,64  0,0  0,0    223,64
CT   68   1   T,LAGOAS   3     0,0249,8    223,64  0,0249,8    223,64  0,0249,8    223,64
CT   68   1   T,LAGOAS   4     0,0349,7    223,64  0,0349,7    223,64  0,0349,7    223,64
CT   90   1   T,MACAE    1     0,0881,0    610,52  0,0881,0    610,52  0,0881,0    610,52
CT   97   1   CUBATAO    1   110,0209,0    327,35110,0209,0    327,35110,0209,0    327,35
CT   97   1   CUBATAO    2     0,0209,0    327,35  0,0209,0    327,35  0,0209,0    327,35
CT  108   1   XAVANTES   1     0,0 53,5   1693,22  0,0 53,5   1693,22  0,0 53,5   1693,22
CT  110   1   NPIRATINGA 1     0,0404,7    548,04  0,0404,7    548,04  0,0404,7    548,04
CT  110   1   NPIRATINGA 2     0,0377,2    548,04  0,0377,2    548,04  0,0377,2    548,04
CT  110   1   NPIRATINGA 3     0,0473,6    548,04  0,0473,6    548,04  0,0473,6    548,04
CT  110   1   NPIRATINGA 4     0,0563,6    548,04  0,0563,6    548,04  0,0563,6    548,04
CT  146   1   UTE STA VI 1     0,0 38,5    116,91  0,0 38,5    116,91  0,0 38,5    116,91
CT  153   1   DAIA       1     0,0  0,0      0,00  0,0  0,0      0,00  0,0  0,0      0,00
CT  155   1   GOIANIA 2  1     0,0140,0   1234,33  0,0140,0   1234,33  0,0140,0   1234,33
CT  171   1   NORTEFLU 1 1   400,0400,0     67,38400,0400,0     67,38400,0400,0     67,38
CT  172   1   NORTEFLU 2 1   100,0100,0     78,44100,0100,0     78,44100,0100,0     78,44
CT  173   1   NORTEFLU 3 1   200,0200,0    149,47200,0200,0    149,47200,0200,0    149,47
CT  174   1   NORTEFLU 4 1     0,0126,0    436,73  0,0126,0    436,73  0,0126,0    436,73
CT  182   1   PALMEIR_GO 1     0,0121,5    923,93  0,0121,5    923,93  0,0121,5    923,93
CT  183   1   ATLANTICO  1   218,7218,7    188,62218,7218,7    188,62218,7218,7    188,62
CT  194   1   TNORTE 2   1     0,0  0,0    910,86  0,0  0,0    910,86  0,0  0,0    910,86
CT  211   1   BAIXADA FL 1     0,0530,0     93,00  0,0530,0     93,00  0,0530,0     93,00
CT   24   2   J,LACER, C 1     0,0363,0    193,62  0,0363,0    193,62  0,0363,0    193,62
CT   25   2   J,LACER, B 1     0,0262,0    228,12  0,0262,0    228,12  0,0262,0    228,12
CT   26   2   J,LAC, A1  1     0,0100,0    254,97  0,0100,0    254,97  0,0100,0    254,97
CT   27   2   J,LAC, A2  1     0,0132,0    235,35  0,0132,0    235,35  0,0132,0    235,35
CT   28   2   FIGUEIRA   1     0,0  0,0    475,68  0,0  0,0    475,68  0,0  0,0    475,68
CT   35   2   URUGUAIANA 1     0,0  0,0    278,48  0,0  0,0    278,48  0,0  0,0    278,48
CT   35   2   URUGUAIANA 4     0,0  0,0    486,20  0,0  0,0    486,20  0,0  0,0    486,20
CT   48   2   ARAUCARIA  1     0,0480,0    681,79  0,0480,0    681,79  0,0480,0    681,79
CT   64   2   CANOAS     1     0,0243,1    681,79  0,0243,1    681,79  0,0243,1    681,79
CT   64   2   CANOAS     2     0,0243,1    698,14  0,0243,1    698,14  0,0243,1    698,14
CT  107   2   PAMPA SUL  1     0,0 67,0     67,12  0,0120,0     67,12  0,0138,0     67,12
CT  107   2   PAMPA SUL  2   170,0345,0     67,12170,0345,0     67,12170,0345,0     67,12
CT  149   2   SAO SEPE   1     0,0  7,8     84,44  0,0  7,8     84,44  0,0  7,8     84,44
CT  156   2   CANDIOTA_3 1   310,0310,0     84,82310,0310,0     84,82310,0310,0     84,82
CT  169   2   MADEIRA    1     2,0  3,0    303,36  2,0  3,0    303,36  2,0  3,0    303,36
CT   42   3   FORTALEZA  1     0,0326,6    180,57  0,0326,6    180,57  0,0326,6    180,57
CT   43   3   T,BAHIA    1   110,0158,9    181,16110,0158,9    181,16110,0158,9    181,16
CT   43   3   T,BAHIA    2     0,0158,9    181,16  0,0158,9    181,16  0,0158,9    181,16
CT   52   3   CAMPINA_GR 1     0,0169,0    703,59  0,0169,0    703,59  0,0169,0    703,59
CT   53   3   GLOBAL I   1     0,0130,0    797,96  0,0130,0    797,96  0,0130,0    797,96
CT   55   3   GLOBAL II  1     0,0130,0    797,96  0,0130,0    797,96  0,0130,0    797,96
CT   57   3   MARACANAU  1     0,0152,5    681,26  0,0152,5    681,26  0,0152,5    681,26
CT   57   3   MARACANAU  2     0,0162,9    681,26  0,0162,9    681,26  0,0162,9    681,26
CT   58   3   TERMOCEARA 1     0,0 99,3    369,38  0,0 99,3    369,38  0,0 99,3    369,38
CT   58   3   TERMOCEARA 2     0,0142,0    369,38  0,0142,0    369,38  0,0142,0    369,38
CT   58   3   TERMOCEARA 3     0,0149,1    369,38  0,0149,1    369,38  0,0149,1    369,38
CT   67   3   TERMONE    1     0,0152,7    699,80  0,0152,7    699,80  0,0152,7    699,80
CT   69   3   TERMOPB    1     0,0152,7    699,80  0,0152,7    699,80  0,0152,7    699,80
CT   74   3   T,CAMACARI 1     0,0 20,0    345,02  0,0 20,0    345,02  0,0 20,0    345,02
CT   83   3   VALE ACU   1   155,0310,1    186,05155,0310,1    186,05155,0310,1    186,05
CT   83   3   VALE ACU   2     0,0310,1    186,05  0,0310,1    186,05  0,0310,1    186,05
CT   96   3   TERMOPE    1   250,0532,7    138,86250,0532,7    138,86250,0532,7    138,86
CT   98   3   PERNAMBU_3 1     0,0183,0    601,57  0,0183,0    601,57  0,0183,0    601,57
CT  109   3   ALTOS      1     0,0  0,0   1022,99  0,0  0,0   1022,99  0,0  0,0   1022,99
CT  111   3   ARACATI    1     0,0  0,0   1022,99  0,0  0,0   1022,99  0,0  0,0   1022,99
CT  112   3   BAHIA_1    1     0,0 28,0    729,54  0,0 28,0    729,54  0,0 28,0    729,54
CT  113   3   BATURITE   1     0,0  0,0   1022,99  0,0  0,0   1022,99  0,0  0,0   1022,99
CT  117   3   C,MAIOR    1     0,0  0,0   1022,99  0,0  0,0   1022,99  0,0  0,0   1022,99
CT  119   3   CAUCAIA    1     0,0  0,0   1022,99  0,0  0,0   1022,99  0,0  0,0   1022,99
CT  121   3   CRATO      1     0,0  0,0   1022,99  0,0  0,0   1022,99  0,0  0,0   1022,99
CT  125   3   PECEM      1     0,0  0,0   1022,99  0,0  0,0   1022,99  0,0  0,0   1022,99
CT  127   3   IGUATU     1     0,0  0,0   1022,99  0,0  0,0   1022,99  0,0  0,0   1022,99
CT  133   3   JUAZEIRO N 1     0,0  0,0   1022,99  0,0  0,0   1022,99  0,0  0,0   1022,99
CT  135   3   MARAMBAIA  1     0,0  0,0   1022,99  0,0  0,0   1022,99  0,0  0,0   1022,99
CT  138   3   NAZARIA    1     0,0  0,0   1022,99  0,0  0,0   1022,99  0,0  0,0   1022,99
CT  144   3   PETROLINA  1     0,0132,0   1279,11  0,0132,0   1279,11  0,0132,0   1279,11
CT  147   3   PROSPERIDA 1     0,0 28,0    159,37  0,0 28,0    159,37  0,0 28,0    159,37
CT  151   3   POTIGUAR   1     0,0 53,1   1221,92  0,0 53,1   1221,92  0,0 53,1   1221,92
CT  152   3   TERMOCABO  1     0,0 49,7    695,08  0,0 49,7    695,08  0,0 49,7    695,08
CT  159   3   TERMOMANAU 1     0,0143,0   1378,18  0,0143,0   1378,18  0,0143,0   1378,18
CT  160   3   PAU FERRO  1     0,0 94,0   1378,18  0,0 94,0   1378,18  0,0 94,0   1378,18
CT  161   3   POTIGUAR_3 1     0,0 54,8   1221,91  0,0 54,8   1221,91  0,0 54,8   1221,91
CT  163   3   P,PECEM2   1     0,0365,0    139,31  0,0365,0    139,31  0,0365,0    139,31
CT  164   3   MURICY     1     0,0138,0   1165,86  0,0138,0   1165,86  0,0138,0   1165,86
CT  166   3   AREMBEPE   1     0,0120,0   1165,86  0,0120,0   1165,86  0,0120,0   1165,86
CT  167   3   P,PECEM1   1     0,0720,0    126,76  0,0720,0    126,76  0,0720,0    126,76
CT  170   3   SUAPE II   1     0,0358,4    711,89  0,0358,4    711,89  0,0358,4    711,89
CT  170   3   SUAPE II   3     0,0368,0    711,89  0,0368,0    711,89  0,0368,0    711,89
CT  170   3   SUAPE II   4     0,0378,2    711,89  0,0378,2    711,89  0,0378,2    711,89
CT  221   3   SYKUE I    1    22,4 22,4    510,12 22,4 22,4    510,12 22,4 22,4    510,12
CT   21   4   MARANHAO V 1     0,0325,0     98,91  0,0336,3     98,91  0,0335,1     98,91
CT   21   4   MARANHAO V 4     0,0332,4     98,91  0,0332,4     98,91  0,0332,4     98,91
CT   36   4   MARANHAOIV 1     0,0325,0     98,91  0,0336,3     98,91  0,0335,1     98,91
CT   36   4   MARANHAOIV 4     0,0332,4     98,91  0,0332,4     98,91  0,0332,4     98,91
CT   46   4   N,VENECIA2 1     0,0170,0    223,51  0,0177,3    223,51  0,0176,6    223,51
CT   46   4   N,VENECIA2 4     0,0174,8    223,51  0,0174,8    223,51  0,0174,8    223,51
CT   70   4   GERAMAR2   1     0,0159,2    703,57  0,0159,2    703,57  0,0159,2    703,57
CT   73   4   GERAMAR1   1     0,0159,2    703,57  0,0159,2    703,57  0,0159,2    703,57
CT  116   4   PARNAIB_IV 1     0,0 56,3    151,69  0,0 56,3    151,69  0,0 56,3    151,69
CT  140   4   UTE MAUA 3 1   264,0446,3     59,61264,0465,1     59,61264,0520,3     59,61
CT  140   4   UTE MAUA 3 2   264,0350,0     59,61264,0350,0     59,61264,0350,0     59,61
CT  140   4   UTE MAUA 3 3   264,0385,8     59,61264,0431,2     59,61264,0434,1     59,61
CT  140   4   UTE MAUA 3 4   264,0402,2     59,61264,0386,4     59,61264,0367,2     59,61
CT  141   4   MAUA B4    1     0,0  0,0    575,00  0,0  0,0    575,00  0,0  0,0    575,00
CT  176   4   P, ITAQUI  1     0,0360,1    133,98  0,0360,1    133,98  0,0360,1    133,98
CT  201   4   APARECIDA  1    75,0123,0     59,61 75,0123,0     59,61 75,0123,0     59,61
CT  201   4   APARECIDA  3    75,0131,2     59,61 75,0132,3     59,61 75,0124,0     59,61
CT  201   4   APARECIDA  4    75,0124,2     59,61 75,0124,6     59,61 75,0125,8     59,61
CT  203   4   C, ROCHA   1    65,0 65,0      0,00 65,0 65,0      0,00 65,0 65,0      0,00
CT  204   4   JARAQUI    1    63,0 63,0      0,00 63,0 63,0      0,00 63,0 63,0      0,00
CT  205   4   MANAUARA   1    64,5 64,5      0,00 64,5 64,5      0,00 62,2 62,2      0,00
CT  205   4   MANAUARA   2    64,5 64,5      0,00 64,5 64,5      0,00 60,7 60,7      0,00
CT  205   4   MANAUARA   3    64,5 64,5      0,00 64,5 64,5      0,00 62,7 62,7      0,00
CT  205   4   MANAUARA   4    64,5 64,5      0,00 64,5 64,5      0,00 64,5 64,5      0,00
CT  206   4   MAUA B3    1     0,0  0,0    411,92  0,0  0,0    411,92  0,0  0,0    411,92
CT  207   4   PONTA NEGR 1    64,0 64,0      0,00 64,0 64,0      0,00 64,0 64,0      0,00
CT  209   4   TAMBAQUI   1    63,0 63,0      0,00 63,0 63,0      0,00 63,0 63,0      0,00
CT  212   4   MARANHAO3  1     0,0490,0     82,48  0,0515,8     82,48  0,0513,0     82,48
CT  212   4   MARANHAO3  4     0,0506,7     82,48  0,0506,7     82,48  0,0506,7     82,48
CT  300   4   MAUA B1    1     0,0  0,0    711,77  0,0  0,0    711,77  0,0  0,0    711,77
CT  302   4   APARECD OC 1     0,0  0,0    905,99  0,0  0,0    905,99  0,0  0,0    905,99
CT  303   4   ELECTRON   1     0,0  0,0    872,84  0,0  0,0    872,84  0,0  0,0    872,84
CT  310   4   SAO JOSE   1     0,0  0,0    833,53  0,0  0,0    833,53  0,0  0,0    833,53
CT  317   4   IRANDUBA   1     0,0  0,0    968,18  0,0  0,0    968,18  0,0  0,0    968,18
CT  318   4   FLORES LT1 1     0,0  0,0    982,13  0,0  0,0    982,13  0,0  0,0    982,13
CT  319   4   FLORES LT2 1     0,0  0,0    997,77  0,0  0,0    997,77  0,0  0,0    997,77
