FD    1  1,0001,0001,0000,955
FD    2  1,0001,0001,0000,931
FD    4  1,0001,0001,0000,932
FD    6  1,0001,0001,0000,837
FD    7  1,0001,0001,0000,872
FD    8  1,0001,0001,0000,924
FD    9  1,0001,0001,0000,922
FD   10  1,0001,0001,0000,974
FD   11  1,0001,0001,0000,872
FD   12  1,0001,0001,0000,855
FD   14  1,0001,0001,0000,946
FD   15  1,0001,0001,0000,920
FD   16  1,0001,0001,0000,913
FD   17  1,0001,0001,0000,912
FD   18  1,0001,0001,0000,958
FD   20  1,0001,0001,0000,859
FD   21  1,0001,0001,0000,977
FD   24  1,0001,0001,0000,920
FD   25  1,0001,0001,0000,922
FD   26  1,0001,0001,0000,941
FD   27  1,0001,0001,0000,961
FD   28  1,0001,0001,0000,946
FD   29  1,0001,0001,0000,967
FD   30  1,0001,0001,0000,917
FD   31  1,0001,0001,0000,941
FD   32  1,0001,0001,0000,931
FD   33  1,0001,0001,0000,909
FD   34  1,0001,0001,0000,926
FD   37  1,0001,0001,0000,937
FD   38  1,0001,0001,0000,943
FD   39  1,0001,0001,0000,953
FD   40  1,0001,0001,0000,922
FD   42  1,0001,0001,0000,973
FD   43  1,0001,0001,0000,931
FD   45  1,0001,0001,0000,929
FD   46  1,0001,0001,0000,935
FD   47  1,0001,0001,0000,990
FD   48  1,0001,0001,0000,952
FD   49  1,0001,0001,0000,984
FD   50  1,0001,0001,0000,963
FD   51  1,0001,0001,0000,975
FD   52  1,0001,0001,0000,976
FD   57  1,0001,0001,0000,955
FD   61  1,0001,0001,0000,978
FD   62  1,0001,0001,0000,956
FD   63  1,0001,0001,0000,952
FD   66501,0001,0001,0000,947
FD   66601,0001,0001,0000,947
FD   71  1,0001,0001,0000,970
FD   72  1,0001,0001,0000,973
FD   73  1,0001,0001,0001,000
FD   74  1,0001,0001,0000,934
FD   76  1,0001,0001,0000,931
FD   77  1,0001,0001,0000,953
FD   78  1,0001,0001,0000,967
FD   82  1,0001,0001,0000,947
FD   83  1,0001,0001,0000,923
FD   86  1,0001,0001,0000,975
FD   89  1,0001,0001,0000,978
FD   90  1,0001,0001,0000,969
FD   91  1,0001,0001,0000,969
FD   92  1,0001,0001,0000,958
FD   93  1,0001,0001,0000,888
FD   94  1,0001,0001,0000,976
FD   95  1,0001,0001,0000,945
FD   97  1,0001,0001,0000,977
FD   98  1,0001,0001,0000,952
FD   99  1,0001,0001,0000,951
FD  101  1,0001,0001,0000,930
FD  102  1,0001,0001,0000,944
FD  103  1,0001,0001,0000,971
FD  110  1,0001,0001,0001,000
FD  111  1,0001,0001,0000,971
FD  112  1,0001,0001,0000,945
FD  113  1,0001,0001,0000,929
FD  114  1,0001,0001,0000,951
FD  115  1,0001,0001,0000,952
FD  117  1,0001,0001,0001,000
FD  118  1,0001,0001,0001,000
FD  119  1,0001,0001,0000,919
FD  120  1,0001,0001,0000,979
FD  121  1,0001,0001,0000,967
FD  122  1,0001,0001,0000,949
FD  123  1,0001,0001,0000,928
FD  124  1,0001,0001,0001,000
FD  126  1,0001,0001,0000,964
FD  127  1,0001,0001,0000,937
FD  129  1,0001,0001,0000,819
FD  130  1,0001,0001,0000,949
FD  131  1,0001,0001,0000,924
FD  133  1,0001,0001,0000,979
FD  134  1,0001,0001,0000,963
FD  135  1,0001,0001,0000,977
FD  139  1,0001,0001,0000,981
FD  141  1,0001,0001,0000,960
FD  143  1,0001,0001,0000,968
FD  144  1,0001,0001,0000,958
FD  148  1,0001,0001,0000,944
FD  153  1,0001,0001,0000,912
FD  154  1,0001,0001,0000,943
FD  155  1,0001,0001,0000,932
FD  156  1,0001,0001,0000,890
FD  162  1,0001,0001,0000,950
FD  169  1,0001,0001,0000,970
FD  172  1,0001,0001,0000,944
FD  173  1,0001,0001,0000,816
FD  174  1,0001,0001,0000,816
FD  175  1,0001,0001,0000,816
FD  178  1,0001,0001,0000,908
FD  183  1,0001,0001,0000,905
FD  184  1,0001,0001,0000,905
FD  189  1,0001,0001,0000,962
FD  190  1,0001,0001,0000,976
FD  192  1,0001,0001,0000,746
FD  193  1,0001,0001,0000,899
FD  195  1,0001,0001,0000,935
FD  196  1,0001,0001,0000,945
FD  203  1,0001,0001,0000,967
FD  204  1,0001,0001,0000,905
FD  215  1,0001,0001,0000,961
FD  217  1,0001,0001,0000,827
FD  227  1,0001,0001,0000,943
FD  228  1,0001,0001,0000,923
FD  229  1,0001,0001,0000,884
FD  230  1,0001,0001,0000,915
FD  241  1,0001,0001,0000,953
FD  249  1,0001,0001,0000,934
FD  251  1,0001,0001,0000,906
FD  252  1,0001,0001,0000,943
FD  253  1,0001,0001,0000,850
FD  257  1,0001,0001,0000,952
FD  261  1,0001,0001,0000,967
FD  262  1,0001,0001,0000,967
FD  267  1,0001,0001,0000,962
FD  272  1,0001,0001,0000,900
FD  275  1,0001,0001,0000,885
FD  276  1,0001,0001,0000,954
FD  277  1,0001,0001,0000,938
FD  278  1,0001,0001,0000,930
FD  279  1,0001,0001,0000,976
FD  280  1,0001,0001,0000,937
FD  281  1,0001,0001,0000,946
FD  283  1,0001,0001,0000,964
FD  284  1,0001,0001,0000,926
FD  285  1,0001,0001,0000,988
FD  286  1,0001,0001,0000,864
FD  287  1,0001,0001,0000,958
FD  288  1,0001,0001,0000,971
FD  290  1,0001,0001,0000,970
FD  304  1,0001,0001,0000,897
FD  305  1,0001,0001,0000,829
FD  310  1,0001,0001,0000,956
FD  311  1,0001,0001,0000,968
FD  312  1,0001,0001,0000,971
FD  314  1,0001,0001,0000,912
FD  315  1,0001,0001,0000,960
