FT  455   1    21  4             1
FT  455   1    36  4             1
FT  455   1    46  4             1
FT  455   1    70  4             1
FT  455   1    73  4             1
FT  455   1   116  4             1
FT  455   1   176  4             1
FT  455   1   212  4             1
FT  457   1   140  4             1
FT  457   1   141  4             1
FT  457   1   201  4             1
FT  457   1   203  4             1
FT  457   1   204  4             1
FT  457   1   205  4             1
FT  457   1   206  4             1
FT  457   1   207  4             1
FT  457   1   209  4             1
FT  457   1   300  4             1
FT  457   1   302  4             1
FT  457   1   303  4             1
FT  457   1   310  4             1
FT  457   1   317  4             1
FT  457   1   318  4             1
FT  457   1   319  4             1
