FU    1   1    24           1
FU    5   1    25           1
FU   21   1    21           1
FU   41   1    49           1
FU   43   1    47           1
FU   45   1    50           1
FU   47   1    51           1
FU   49   1    52           1
FU   51   1    61           1
FU   53   1    62           1
FU   55   1    63           1
FU   61   1    30           1
FU   63   1    20           1
FU  101   1   262           1
FU  121   1   261           1
FU  161   1   283           1
FU  181   1    29           1
FU  201   1   277           1
FU  221   1   111           1
FU  223   1   112           1
FU  225   1   113           1
FU  227   1   114           1
FU  241   1   275           1
FU  243   1   279           1
FU  261   1    89           1
FU  271   1    26           1
FU  280   1    48           1
FU  401   1   285           1
FU  401   1   287           1
FU  405   1   257           1
FU  405   1   261           1
FU  433   1   251           1
FU  433   1   252           1
FU  433   1   253           1
FU  433   1   257           1
FU  433   1   261           1
FU  435   1   251          -1
FU  435   1   252          -1
FU  435   1   253          -1
FU  435   1   257          -1
FU  435   1   261          -1
FU  455   1   267           1
FU  455   1   272           1
FU  455   1   275           1
FU  455   1   314           1
FU  457   1   204           1
FU  457   1   277           1
FU  457   1   280           1
FU  457   1   284           1
FU  457   1   286           1
FU  457   1   288           1
FU  461   1    66           1 50
FU  462   1    66           1 60
FU  650   1   139           1
FU  655   1   288           1
