LQ    5   1          200                 200                 200
LQ    7   1          500                 500                 500
LQ   10   1          300      9999       300      9999       300      9999
LQ   10   4          300      1400       300      1400       300      1400
LQ   11   1           72                  72                  72
LQ   12   1           34      1100        34      1100        34      1100
LQ   13   1           34      1170        34      1170        34      1170
LQ   15   1           70      1500        70      1500        70      1500
LQ   30   1          172      4500       172      4500       172      4500
LQ   34   1          100      5000       100      5000       100      5000
LQ   35   1         70,0      2000      70,0      2000      70,0      2000
LQ   41   1        150,0    2500,0     150,0    2500,0     150,0    2500,0
LQ   45   1          8,8       204       8,8       204       8,8       204
LQ   49   1                   7000                7000                7000
LQ   50   1         23,4      2100      23,4      2100      23,4      2100
LQ   51   1          450     16000       450     16000       450     16000
LQ   52   1          910                 910                 910
LQ   53   1          178      5000       178      5000       178      5000
LQ   56   1           32       250        32       250        32       250
LQ   57   1           32       600        32       600        32       600
LQ   58   1           19       550        19       550        19       550
LQ   60   1                   2300                2300                2300
LQ   62   1          160                 160                 160
LQ   63   1           73      2000        73      2000        73      2000
LQ   64   1                   1200                1200                1200
LQ   67   1        100,0     100,0     100,0     100,0     100,0     100,0
LQ   67   3        130,7     99999     121,2     99999     113,8     99999
LQ   67   4        147,0               147,0               147,0
LQ   68   1        100,0     110,0     100,0     110,0     100,0     110,0
LQ   68   3         90,2     99999      93,3     99999      95,6     99999
LQ   68   4         85,0                85,0                85,0
LQ   70   1        127,0               127,0               127,0
LQ   72   1          130                 130                 130
LQ   74   1          137                 137                 137
LQ   76   1        330,0               330,0               330,0
LQ   76   3        294,8               305,7               314,2
LQ   76   4        276,0               276,0               276,0
LQ   78   1          290                 290                 290
LQ   80   1          326                 326                 326
LQ   82   1           30                  30                  30
LQ   83   1           30                  30                  30
LQ   84   1                  51920               51920               51920
LQ   85   1         4600                4600                4600
LQ   87   1            4                   4                   4
LQ   88   1          2,0      24,0       3,0      36,5       6,1      73,2
LQ   88   2          0,0       0,0       0,0       0,0       0,0       0,0
LQ   88   4          5,9      70,6       5,6      67,6       5,4      64,3
LQ   89   1          200                 200                 200
LQ   91   1         4000     16000      4000     16000      4000     16000
LQ   92   1         1450                1450                1450
LQ   93   1          131      4000       131      4000       131      4000
LQ   94   1          149      4400       149      4400       149      4400
LQ   96   1          153      4500       153      4500       153      4500
LQ   98   1          189      7000       189      7000       189      7000
LQ   99   1          312      8000       312      8000       312      8000
LQ  100   1            0                   0                   0
LQ  101   1           70      7000        70      7000        70      7000
LQ  102   1           70       700        70       700        70       700
LQ  105   1        100,0               100,0               100,0
LQ  110   1         95,0    1550,0      95,0    1550,0      95,0    1550,0
LQ  113   1          120                 120                 120
LQ  114   1         23,0                23,0                23,0
LQ  118   1          360                 360                 360
LQ  125   1           90                  90                  90          
LQ  126   1                     10                  10                  10
LQ  149   1           30       300        30       300        30       300
LQ  151   1          5,5                 5,5                 5,5
LQ  152   1          5,5        20       5,5        20       5,5        20
LQ  154   1          5,5      20,0       5,5      20,0       5,5      20,0
LQ  155   1                  160,0               160,0               160,0
LQ  156   1                  190,0               190,0               190,0
LQ  157   1          0,0       0,0       0,0       0,0       0,0       0,0
LQ  159   1          120                 120                 120          
LQ  161   1            0        25         0        25         0        25
LQ  162   1            0         0         0         0         0         0
LQ  162   2            0         5         0         5         0         5
LQ  162   3            0        15         0        15         0        15
LQ  162   4            0        65         0        65         0        65
LQ  163   1          0,0       0,0       0,0       0,0       0,0       0,0
LQ  164   1          0,0       196       0,0       196       0,0       196
LQ  165   1          0,0        34       0,0        34       0,0        34
LQ  166   1          5,5                 5,5                 5,5
LQ  168   1           20                  20                  20
LQ  174   1            0         0         0         0         0         0
LQ  175   1            0         0         0         0         0         0
LQ  176   1            0         0         0         0         0         0
LQ  177   1            0         0         0         0         0         0
LQ  178   1            6     123,8         6     123,8         6     123,8
LQ  179   1            0         0         0         0         0         0
LQ  180   1            6                   6                   6
LQ  181   1            0         0         0         0         0         0
LQ  182   1           10                  10                  10
LQ  183   1         78,8      4500      78,8      4500      78,8      4500
LQ  183   4         25,0      4500      25,0      4500      25,0      4500
LQ  185   1          200     30000       200     30000       200     30000
LQ  187   1                    140                 140                 140
LQ  188   1                  19000               19000               19000
LQ  190   1          200                 200                 200
LQ  191   1          120                 120                 120
LQ  191   4           65                  65                  65
LQ  192   1                      0                   0                   0
LQ  193   1        100,0      3600     100,0      3600     100,0      3600
LQ  194   1          168      4300       168      4300       168      4300
LQ  196   1          120                 120                 120
LQ  196   4           65                  65                  65
LQ  197   1           90                  90                  90
LQ  198   1          200                 200                 200
LQ  198   4           80                  80                  80
LQ  199   1          225                 225                 225
LQ  199   4           80                  80                  80
LQ  200   1           90                  90                  90
LQ  202   1          744                 744                 744
LQ  203   1                    750                 750                 750
LQ  205   1                   2400                2400                2400
LQ  207   1         14,8      1450      14,8      1450      14,8      1450
LQ  213   1        800,0      8000     800,0      8000     800,0      8000
LQ  216   1        800,0    1000,0     800,0    1000,0     800,0    1000,0
LQ  216   3        995,7    1915,0     935,0    1915,0     887,8    1915,0
LQ  216   4       1100,0    6100,0    1100,0    6100,0    1100,0    6100,0
LQ  218   1          240      1600       240      1600       240      1600
LQ  219   1            3      1500         3      1500         3      1500
LQ  222   1         2000     54000      2000     54000      2000     54000
LQ  224   1           35                  35                  35
LQ  224   2           20                  20                  20
LQ  224   3           75                  75                  75
LQ  224   4            0                   0                   0
LQ  226   1           10      2000        10      2000        10      2000
LQ  227   1        27,67               27,67               27,67
LQ  229   1           38                  38                  38
LQ  230   1          0,5                 0,5                 0,5
LQ  231   1          255                 255                 255
LQ  236   1            3                   3                   3
LQ  243   1           72                  72                  72
LQ  244   1          8,5                 8,5                 8,5
LQ  247   1                  24000               24000               24000
LQ  250   1           16                  16                  16
LQ  251   1        272,0               272,0               272,0
LQ  252   1          300     13900       300     13900       300     13900
LQ  254   1       2500,0              2500,0              2500,0
LQ  254   3       3478,3              3175,0              2939,0
LQ  254   4       4000,0              4000,0              4000,0
