RE    1   1    4
RE    5   1    4
RE   21   1    4
RE   41   1    4
RE   43   1    4
RE   45   1    4
RE   47   1    4
RE   49   1    4
RE   51   1    4
RE   53   1    4
RE   55   1    4
RE   61   1    4
RE   63   1    4
RE  101   1    4
RE  121   1    4
RE  161   1    4
RE  181   1    4
RE  201   1    4
RE  221   1    4
RE  223   1    4
RE  225   1    4
RE  227   1    4
RE  241   1    4
RE  243   1    4
RE  261   1    4
RE  271   1    4
RE  280   1    4
RE  401   1    4
RE  403   1    4
RE  405   1    4
RE  409   1    4
RE  413   1    4
RE  415   1    4
RE  417   1    4
RE  419   1    4
RE  421   1    4
RE  425   1    4
RE  427   1    4
RE  431   1    4
RE  433   1    4
RE  435   1    4
RE  437   1    4
RE  439   1    4
RE  441   1    4
RE  443   1    4
RE  445   1    4
RE  447   1    4
RE  455   1    4
RE  457   1    4
RE  461   1    4
RE  462   1    4
RE  650   1    4
RE  655   1    1
