UH    1  10        73,80               1
UH    2  10          0,0               1
UH    4  10          0,0               1
UH   24  10        31,40               1
UH   27  10        10,00               1
UH   28  10          0,0               1
UH   25  10        37,40               1
UH  156   1        96,10               1
UH  134   1          0,0               1
UH   10  10          0,0               1
UH  143   1          0,0               1
UH  162   1        74,80               1
UH  148   1        69,20               1
UH  217   1          0,0               1
UH  193   1          0,0               1
UH  141   1          0,0               1
UH   14  10        95,20               1
UH   18  10        53,80               1
UH   37  10        86,60               1
UH   40  10        88,90               1
UH   42  10          0,0               1
UH   15  10          0,0               1
UH   16  10          0,0               1
UH   38  10          0,0               1
UH   39  10          0,0               1
UH   62  12          0,0               1
UH   63  12          0,0               1
UH   52  12          0,0               1
UH   51  12          0,0               1
UH   47  12        47,39               1
UH   49  12        26,46               1
UH   61  12        38,61               1
UH   50  12          0,0               1
UH   46  10          0,0               1
UH  120   1        77,72               1
UH  121   1        50,10               1
UH    6  10        53,19               1
UH    7  10        76,01               1
UH    8  10          0,0               1
UH   12  10          0,0               1
UH   17  10        80,88               1
UH   31  10        43,39               1
UH   30  10        90,71               1
UH  251   1        22,32               1
UH  278   1        74,96               1
UH  123   1        79,42               1
UH  129   1          0,0               1
UH   20  10        84,03               1
UH  287   6          0,0               1
UH  257   1        95,00               1
UH  122   1        54,21               1
UH  124   1        96,84               1
UH  130   1          0,0               1
UH  131   1          0,0               1
UH  133   1          0,0               1
UH  125   1          0,0               1
UH  180   1          0,0               1
UH  181   1          0,0               1
UH  182   1          0,0               1
UH  183   1          0,0               1
UH  184   1          0,0               1
UH  107  10          0,0               1
UH  108   1          0,0               1
UH  109   1          0,0               1
UH  117   1        86,20               1
UH  118   1        84,20               1
UH  119   1          0,0               1
UH   32  10          0,0               1
UH   11  10          0,0               1
UH  135   1        86,22               1
UH  139   1          0,0               1
UH  262  10          0,0               1
UH   89   2        45,34               1
UH  144   1          0,0               1
UH   66   5         0,00               1
UH  110   2        69,70               1
UH  111   2        37,56               1
UH  112   2          0,0               1
UH  113   2          0,0               1
UH  114   2          0,0               1
UH   74  11        20,50               1
UH   76  11        18,30               1
UH   82  11          0,0               1
UH  115   2        22,60               1
UH   73  11        100,0               1
UH   71  11        13,70               1
UH   72  11          0,0               1
UH   57  11        14,30               1
UH  228   7         0,00               1
UH   77  11        12,78               1
UH   78  11          0,0               1
UH   93   2        27,90               1
UH   91   2         2,10               1
UH   92   2          0,0               1
UH  252   1          0,0               1
UH  253   1          0,0               1
UH  267   4          0,0               1
UH  281   1          0,0               1
UH    9  10          0,0               1
UH   26  10        78,20               1
UH   86   2         7,44               1
UH   90   2        26,86               1
UH   97   2          0,0               1
UH   98   2          0,0               1
UH   99   2          0,0               1
UH  103   2          0,0               1
UH  169   3        57,50               1
UH  172   3        36,87               1
UH  173   3          0,0               1
UH  174   3          0,0               1
UH  175   3          0,0               1
UH  178   3          0,0               1
UH  190   3        79,59               1
UH  189   3        84,91               1
UH  275   4        89,77               1
UH  272   8        79,97               1
UH  279   6        95,37               1
UH  280   9          0,0               1
UH  204   9          0,0               1
UH  127   1          0,0               1
UH  126   1          0,0               1
UH  283   1          0,0               1
UH  261   1          0,0               1
UH   48  12          0,0               1
UH  249  12          0,0               1
UH  241  10          0,0               1
UH  304   1          0,0               1
UH  305   1          0,0               1
UH  196   6          0,0               1
UH  195   1          0,0               1
UH   95   2        34,43               1
UH  203  10        75,64               1
UH  154   3          0,0               1
UH  310   6          0,0               1
UH   83  11          0,0               1
UH  229   7          0,0               1
UH   29  10        84,10               1
UH   94   2          0,0               1
UH  215   2          0,0               1
UH  155   1       100,00               1
UH  311  10        60,00               1
UH  312  10          0,0               1
UH  315  10          0,0               1
UH   21  10        28,40               1
UH  290  10        95,00               1
UH  101   2          0,0               1
UH  276   6       100,00               1
UH  102   2          0,0               1
UH  153  10          0,0               1
UH  277   9        15,76               1
UH  285   6          0,0               1
UH  286   9          0,0               1
UH  284   9          0,0               1
UH  192   1          0,0               1
UH  230   7          0,0               1
UH   33  10        90,32               1
UH   34  10        77,45               1
UH   45  10          0,0               1
UH   43  10        71,10               1
UH  227   7        87,50               1
UH  288   8          0,0               1                            0
UH  314   8          0,0               1
