VE    1  85,1291,0794,05100,0
VE    6  98,0398,6398,96100,0
VE    7  90,0090,0090,00100,0
VE   14  98,0298,0298,02100,0
VE   17  90,0090,0090,0095,00
VE   18  88,3990,5892,44100,0
VE   24  99,3199,3199,31100,0
VE   25  99,1599,3299,45100,0
VE   31  96,2796,9797,57100,0
VE   33  95,0095,0095,00100,0
VE   34  82,0084,1487,33100,0
VE   37  94,5494,9394,9395,71
VE   40  91,0792,7694,17100,0
VE   43  80,3583,9787,19100,0
VE   47  94,1597,8097,8094,15
VE   49  98,0398,0398,0396,07
VE   61  97,1297,1297,12100,0
VE   77  100,0100,0100,0100,0
VE  111  88,9588,9588,9588,95
VE  122  94,7494,74100,0100,0
VE  123  76,9083,5086,80100,0
VE  148  95,9395,9395,93100,0
VE  156  100,0100,0100,0100,0
VE  162  87,1689,7389,7397,43
VE  169  77,7377,7377,7376,12
VE  172  55,7555,7553,2199,01
VE  190  79,0082,0085,0090,59
